================================================================================
SUMMARY STATISTICS
Data source: clean_data/model_panel_clean.csv
Panel size: 4400 rows | 176 countries | 25 years
Federal indicator used: Fed
================================================================================

TABLE A. OVERALL SUMMARY STATISTICS (ALL COUNTRY-YEARS)
--------------------------------------------------------------------------------
 Variable    N   Mean    SD    Min    P25 Median    P75    Max
        F 4400  0.116 0.549  0.000  0.000  0.000  0.000  6.000
       HL 4400  0.886 1.494  0.000  0.000  0.000  1.000  5.000
      vfi  736  0.434 0.270 -0.759  0.226  0.451  0.655  0.957
     SELF 2223  8.107 7.316  0.000  1.000  7.440 12.360 30.450
     logG 4228  8.310 1.470  5.116  7.150  8.266  9.367 11.630
     logP 4250 15.853 1.777 11.052 14.894 15.916 17.003 21.039
      dem 4139  0.496 0.274  0.013  0.251  0.481  0.767  0.922
      Fed 4400  0.074 0.262  0.000  0.000  0.000  0.000  1.000


TABLE B. SUMMARY STATISTICS BY FEDERAL STATUS (Fed = 0 / 1)
--------------------------------------------------------------------------------
 FedGroup Variable    N   Mean    SD    Min    P25 Median    P75    Max
    0.000        F 4075  0.100 0.496  0.000  0.000  0.000  0.000  6.000
    0.000       HL 4075  0.840 1.460  0.000  0.000  0.000  1.000  5.000
    0.000      vfi  579  0.456 0.278 -0.759  0.283  0.479  0.678  0.957
    0.000     SELF 1923  6.425 6.083  0.000  1.000  5.010 10.120 26.340
    0.000     logG 3903  8.212 1.425  5.116  7.112  8.184  9.212 11.630
    0.000     logP 3925 15.682 1.692 11.052 14.770 15.803 16.825 21.039
    0.000      dem 3814  0.474 0.268  0.013  0.242  0.454  0.721  0.922
    1.000        F  325  0.312 0.981  0.000  0.000  0.000  0.000  5.000
    1.000       HL  325  1.463 1.777  0.000  0.000  0.000  3.250  5.000
    1.000      vfi  157  0.353 0.224  0.059  0.159  0.275  0.559  0.823
    1.000     SELF  300 18.891 5.000  2.940 14.950 18.000 22.270 30.450
    1.000     logG  325  9.487 1.493  6.276  8.798 10.356 10.621 11.331
    1.000     logP  325 17.916 1.455 15.720 16.718 18.221 18.946 20.995
    1.000      dem  325  0.756 0.192  0.189  0.711  0.854  0.885  0.907


TABLE C. FEDERAL COUNTRIES ONLY: COUNTRY-LEVEL MEANS
--------------------------------------------------------------------------------
 ccode  Years    Obs F_mean HL_mean SELF_mean vfi_mean dem_mean logG_mean
   arg 25.000 25.000  0.000   0.840    14.352       NA    0.803     9.309
   aus 25.000 25.000  0.000   0.893    15.150    0.411    0.884    10.744
   aut 25.000 25.000  0.000   0.160    14.280    0.686    0.862    10.555
   bel 25.000 25.000  0.000   1.580    22.362    0.578    0.886    10.483
   bra 25.000 25.000  0.000   0.160    16.372    0.361    0.855     8.895
   can 25.000 25.000  0.000   2.110    22.121    0.191    0.829    10.528
   che 25.000 25.000  0.000   0.080    18.000    0.147    0.891    11.217
   deu 25.000 25.000  0.000   1.687    24.770    0.147    0.896    10.472
   ind 25.000 25.000  1.617   3.723    27.448       NA    0.713     6.738
   mex 25.000 25.000  0.000   0.000    13.696    0.809    0.597     9.118
   nga 25.000 25.000  0.260   1.200        NA       NA    0.360     7.475
   pak 25.000 25.000  1.840   3.230    15.938       NA    0.373     7.022
   usa 25.000 25.000  0.338   3.356    22.208    0.274    0.874    10.770
 logP_mean
    17.449
    16.796
    15.910
    16.162
    18.987
    17.261
    15.811
    18.217
    20.805
    18.429
    18.713
    18.899
    19.470

SUMMARY TABLES COMPLETE.
